RESULTS FOR COSINE25:
Area under the ROC curve : 0.497389
FPR: [  0.00000000e+00   7.77777778e-04   2.11111111e-03   2.66666667e-03
   4.00000000e-03   5.22222222e-03   1.00000000e+00]
TPR: [ 0.  0.  0.  0.  0.  0.  1.]
precision: [ 0.1  0.   0.   0.   0.   0.   1. ]
recall: [ 1.  0.  0.  0.  0.  0.  0.]
thresholds[ 0.          0.0385712   0.04005331  0.04099376  0.10992543  0.47221794]

RESULTS FOR LDA:
Area under the ROC curve : 0.603932
FPR: [  0.00000000e+00   0.00000000e+00   1.11111111e-04 ...,   4.05444444e-01
   4.35555556e-01   1.00000000e+00]
TPR: [ 0.001  0.002  0.002 ...,  0.54   0.561  1.   ]
precision: [ 0.1         0.12519527  0.12890905 ...,  1.          1.          1.        ]
recall: [ 1.     0.561  0.54  ...,  0.002  0.001  0.   ]
thresholds[  2.96510082e-09   2.02010604e-06   2.50386046e-06 ...,   1.43320902e-01
   1.59294170e-01   3.58805588e-01]

RESULTS FOR KMEANS:

KMeans:
10, 15, 20, 25
[5.675976060636235, 5.532444342822424, 4.714674275444094, 4.000245424675731, 3.8670262610892845]

Area under the ROC curve : 0.525659
FPR: [  0.00000000e+00   0.00000000e+00   0.00000000e+00   0.00000000e+00
   0.00000000e+00   1.11111111e-04   3.33333333e-04   3.33333333e-04
   3.33333333e-04   4.44444444e-04   4.44444444e-04   4.44444444e-04
   4.44444444e-04   4.44444444e-04   4.44444444e-04   4.44444444e-04
   4.44444444e-04   5.55555556e-04   8.88888889e-04   1.33333333e-03
   1.44444444e-03   1.44444444e-03   1.44444444e-03   1.77777778e-03
   1.77777778e-03   1.88888889e-03   1.88888889e-03   1.88888889e-03
   2.44444444e-03   2.44444444e-03   2.44444444e-03   3.33333333e-03
   3.55555556e-03   4.00000000e-03   4.44444444e-03   4.44444444e-03
   5.55555556e-03   5.66666667e-03   5.77777778e-03   6.66666667e-03
   7.66666667e-03   7.77777778e-03   7.77777778e-03   7.77777778e-03
   7.88888889e-03   8.00000000e-03   8.11111111e-03   9.00000000e-03
   9.11111111e-03   9.55555556e-03   9.55555556e-03   1.01111111e-02
   1.02222222e-02   1.03333333e-02   1.03333333e-02   1.04444444e-02
   1.05555556e-02   1.05555556e-02   1.16666667e-02   1.16666667e-02
   1.17777778e-02   1.18888889e-02   1.18888889e-02   1.26666667e-02
   1.26666667e-02   1.34444444e-02   1.44444444e-02   1.46666667e-02
   1.57777778e-02   1.58888889e-02   1.60000000e-02   1.71111111e-02
   1.81111111e-02   1.86666667e-02   1.87777778e-02   1.92222222e-02
   2.02222222e-02   2.11111111e-02   2.21111111e-02   2.31111111e-02
   2.36666667e-02   2.43333333e-02   2.44444444e-02   2.45555556e-02
   2.50000000e-02   2.56666667e-02   2.57777778e-02   2.64444444e-02
   2.72222222e-02   2.83333333e-02   2.90000000e-02   2.94444444e-02
   2.95555556e-02   2.95555556e-02   2.96666667e-02   2.97777778e-02
   3.06666667e-02   3.06666667e-02   3.12222222e-02   3.25555556e-02
   3.40000000e-02   3.50000000e-02   3.51111111e-02   3.58888889e-02
   3.72222222e-02   3.76666667e-02   3.85555556e-02   3.95555556e-02
   4.02222222e-02   4.08888889e-02   4.11111111e-02   4.17777778e-02
   4.27777778e-02   4.35555556e-02   4.42222222e-02   4.48888889e-02
   4.50000000e-02   4.51111111e-02   4.62222222e-02   4.64444444e-02
   4.65555556e-02   4.70000000e-02   4.71111111e-02   4.81111111e-02
   5.05555556e-02   5.14444444e-02   5.18888889e-02   5.22222222e-02
   5.31111111e-02   5.38888889e-02   5.47777778e-02   5.54444444e-02
   5.64444444e-02   5.72222222e-02   5.82222222e-02   5.83333333e-02
   5.94444444e-02   6.03333333e-02   6.05555556e-02   6.12222222e-02
   6.20000000e-02   6.25555556e-02   6.32222222e-02   6.38888889e-02
   6.43333333e-02   6.46666667e-02   6.54444444e-02   6.77777778e-02
   6.82222222e-02   6.87777778e-02   6.98888889e-02   7.00000000e-02
   7.08888889e-02   7.27777778e-02   7.28888889e-02   7.41111111e-02
   7.54444444e-02   7.60000000e-02   7.67777778e-02   7.81111111e-02
   7.86666667e-02   8.00000000e-02   8.12222222e-02   8.27777778e-02
   8.41111111e-02   8.51111111e-02   8.66666667e-02   8.73333333e-02
   8.87777778e-02   9.04444444e-02   9.13333333e-02   9.25555556e-02
   9.37777778e-02   9.48888889e-02   9.53333333e-02   9.90000000e-02
   1.00777778e-01   1.02555556e-01   1.03222222e-01   1.03444444e-01
   1.05111111e-01   1.06000000e-01   1.07555556e-01   1.07666667e-01
   1.09555556e-01   1.12444444e-01   1.14222222e-01   1.15444444e-01
   1.16777778e-01   1.16888889e-01   1.19333333e-01   1.20666667e-01
   1.21444444e-01   1.22444444e-01   1.27111111e-01   1.28000000e-01
   1.33777778e-01   1.37777778e-01   1.43000000e-01   1.47444444e-01
   1.47555556e-01   1.47666667e-01   1.50666667e-01   1.54222222e-01
   1.57666667e-01   1.63111111e-01   1.68888889e-01   1.73777778e-01
   1.77222222e-01   1.78111111e-01   1.81777778e-01   1.84444444e-01
   1.87777778e-01   1.87888889e-01   1.91222222e-01   1.96111111e-01
   1.99000000e-01   1.99222222e-01   2.04888889e-01   2.08444444e-01
   2.11444444e-01   2.11555556e-01   2.13555556e-01   2.18444444e-01
   2.18555556e-01   2.20888889e-01   2.27111111e-01   2.27777778e-01
   2.38777778e-01   2.39000000e-01   2.52777778e-01   2.58666667e-01
   2.64111111e-01   2.71111111e-01   2.71333333e-01   2.71666667e-01
   2.78555556e-01   2.80555556e-01   2.93000000e-01   2.93111111e-01
   3.01777778e-01   3.15555556e-01   3.15666667e-01   3.32555556e-01
   3.32777778e-01   3.34333333e-01   3.61888889e-01   3.79666667e-01
   3.80222222e-01   4.02777778e-01   4.27111111e-01   4.27444444e-01
   4.62222222e-01   4.64555556e-01   4.92222222e-01   4.92444444e-01
   5.33000000e-01   5.75000000e-01   5.83666667e-01   5.84111111e-01
   6.45444444e-01   6.47666667e-01   7.46000000e-01   1.00000000e+00]
TPR: [ 0.003  0.004  0.005  0.006  0.01   0.012  0.017  0.018  0.027  0.027
  0.037  0.038  0.04   0.043  0.044  0.045  0.047  0.051  0.057  0.062
  0.062  0.063  0.091  0.091  0.093  0.095  0.096  0.097  0.101  0.102
  0.104  0.108  0.108  0.12   0.123  0.124  0.128  0.13   0.13   0.131
  0.138  0.139  0.141  0.142  0.142  0.142  0.144  0.147  0.147  0.15
  0.151  0.151  0.151  0.151  0.152  0.152  0.152  0.153  0.155  0.157
  0.157  0.157  0.158  0.16   0.161  0.161  0.162  0.162  0.162  0.162
  0.162  0.166  0.167  0.167  0.167  0.17   0.17   0.17   0.17   0.171
  0.172  0.175  0.175  0.175  0.175  0.175  0.175  0.175  0.175  0.175
  0.175  0.175  0.175  0.176  0.176  0.18   0.18   0.181  0.181  0.183
  0.184  0.187  0.187  0.187  0.19   0.19   0.191  0.193  0.193  0.193
  0.193  0.193  0.193  0.193  0.193  0.193  0.193  0.193  0.194  0.194
  0.194  0.195  0.195  0.195  0.196  0.196  0.196  0.196  0.196  0.196
  0.196  0.196  0.196  0.196  0.196  0.196  0.196  0.196  0.204  0.204
  0.205  0.205  0.205  0.205  0.207  0.207  0.208  0.209  0.209  0.209
  0.209  0.209  0.209  0.214  0.214  0.217  0.217  0.218  0.22   0.22
  0.221  0.222  0.222  0.222  0.224  0.224  0.224  0.225  0.226  0.227
  0.229  0.229  0.23   0.234  0.234  0.241  0.244  0.245  0.245  0.245
  0.246  0.246  0.246  0.246  0.247  0.254  0.254  0.255  0.256  0.256
  0.256  0.256  0.258  0.258  0.265  0.27   0.272  0.275  0.275  0.278
  0.278  0.278  0.281  0.288  0.29   0.296  0.299  0.303  0.308  0.308
  0.311  0.316  0.318  0.318  0.32   0.329  0.33   0.33   0.337  0.338
  0.343  0.343  0.343  0.346  0.346  0.35   0.355  0.355  0.362  0.362
  0.364  0.369  0.372  0.375  0.376  0.376  0.381  0.381  0.39   0.392
  0.395  0.403  0.403  0.419  0.419  0.42   0.435  0.449  0.449  0.469
  0.473  0.473  0.502  0.502  0.514  0.514  0.539  0.557  0.561  0.561
  0.603  0.603  0.627  1.   ]
precision: [ 0.1         0.08541071  0.09375     0.09404242  0.09642489  0.09649123
  0.09717376  0.10101199  0.10392236  0.1039644   0.10719624  0.10767911
  0.10949074  0.10956683  0.11455789  0.1159907   0.11614071  0.11782232
  0.12248469  0.12272994  0.12280188  0.12422935  0.12426765  0.12696882
  0.12937294  0.12884044  0.13110805  0.13192521  0.13328607  0.13342796
  0.13321492  0.13532194  0.13681869  0.13793103  0.14405094  0.14416567
  0.14760915  0.14797832  0.1497006   0.14958928  0.14965398  0.15143488
  0.15264798  0.15271594  0.15266486  0.15451628  0.15544041  0.15558699
  0.15711557  0.15678589  0.15828771  0.15836653  0.15991903  0.15973292
  0.16117216  0.16184971  0.16229245  0.16437603  0.16780045  0.16968988
  0.17183771  0.17165547  0.17299315  0.17310087  0.17320872  0.17605634
  0.18151815  0.18428184  0.18987342  0.18807665  0.18970588  0.19096965
  0.19076006  0.1924812   0.19571865  0.1958684   0.19706337  0.19812793
  0.20063191  0.20032441  0.20246914  0.20263591  0.205       0.20637584
  0.20833333  0.20868825  0.20976027  0.21198957  0.21289753  0.21428571
  0.21507353  0.2141527   0.21563089  0.21788773  0.21805956  0.2204878
  0.22255193  0.22310757  0.22626263  0.22833843  0.22957601  0.23294858
  0.23566879  0.2378902   0.2383532   0.24149286  0.24168514  0.2421875
  0.24547511  0.24597701  0.24626007  0.24675325  0.24910608  0.24940334
  0.25241546  0.25394897  0.25518926  0.26097867  0.26235741  0.26335878
  0.26282051  0.26485788  0.26692708  0.26867628  0.27019868  0.27236315
  0.26522327  0.26812585  0.27184466  0.27222222  0.27566807  0.27840909
  0.28201439  0.28447025  0.28781204  0.29080119  0.29429429  0.29562594
  0.29742033  0.30107527  0.31050955  0.31502423  0.31553398  0.31647635
  0.31699346  0.31803279  0.32220367  0.32274247  0.32328308  0.32656514
  0.32991453  0.33391003  0.33919156  0.34280639  0.34402852  0.34774775
  0.35154827  0.35501859  0.35916824  0.36190476  0.36666667  0.37176938
  0.37250996  0.3755102   0.38445378  0.39177489  0.39606127  0.39473684
  0.40178571  0.3972912   0.39819005  0.3968254   0.39772727  0.40137615
  0.40697674  0.41666667  0.42372881  0.42997543  0.43103448  0.4375
  0.44191919  0.44303797  0.44416244  0.44675325  0.45118734  0.46070461
  0.47222222  0.48295455  0.49562682  0.49702381  0.49850746  0.50606061
  0.51875     0.52941176  0.53114754  0.53289474  0.55102041  0.55479452
  0.57092199  0.58545455  0.58394161  0.59622642  0.59469697  0.59695817
  0.59923664  0.59615385  0.61693548  0.61538462  0.61788618  0.62040816
  0.61885246  0.62139918  0.62396694  0.6371308   0.63559322  0.6419214
  0.64473684  0.66359447  0.6635514   0.66666667  0.66981132  0.66824645
  0.66507177  0.66666667  0.68586387  0.71428571  0.71823204  0.71910112
  0.75609756  0.75460123  0.76923077  0.77142857  0.7826087   0.82539683
  0.82258065  0.82113821  0.85087719  0.84955752  0.84821429  0.85321101
  0.85046729  0.875       0.82894737  0.82666667  0.83783784  0.87692308
  0.91071429  0.92156863  0.91836735  0.91666667  0.91489362  0.90909091
  0.9047619   0.90243902  0.87096774  0.9         0.85714286  0.85
  0.92307692  1.          1.          1.          1.          1.          1.        ]
recall: [ 1.     0.627  0.603  0.603  0.561  0.561  0.557  0.539  0.514  0.514
  0.502  0.502  0.473  0.473  0.469  0.449  0.449  0.435  0.42   0.419
  0.419  0.403  0.403  0.395  0.392  0.39   0.381  0.381  0.376  0.376
  0.375  0.372  0.369  0.364  0.362  0.362  0.355  0.355  0.35   0.346
  0.346  0.343  0.343  0.343  0.338  0.337  0.33   0.33   0.329  0.32
  0.318  0.318  0.316  0.311  0.308  0.308  0.303  0.299  0.296  0.29
  0.288  0.281  0.278  0.278  0.278  0.275  0.275  0.272  0.27   0.265
  0.258  0.258  0.256  0.256  0.256  0.256  0.255  0.254  0.254  0.247
  0.246  0.246  0.246  0.246  0.245  0.245  0.245  0.244  0.241  0.234
  0.234  0.23   0.229  0.229  0.227  0.226  0.225  0.224  0.224  0.224
  0.222  0.222  0.222  0.221  0.22   0.22   0.218  0.217  0.217  0.214
  0.214  0.209  0.209  0.209  0.209  0.209  0.209  0.208  0.207  0.207
  0.205  0.205  0.205  0.205  0.204  0.204  0.196  0.196  0.196  0.196
  0.196  0.196  0.196  0.196  0.196  0.196  0.196  0.196  0.196  0.196
  0.195  0.195  0.195  0.194  0.194  0.194  0.193  0.193  0.193  0.193
  0.193  0.193  0.193  0.193  0.193  0.193  0.193  0.191  0.19   0.19
  0.187  0.187  0.187  0.184  0.183  0.181  0.181  0.18   0.18   0.176
  0.176  0.175  0.175  0.175  0.175  0.175  0.175  0.175  0.175  0.175
  0.175  0.175  0.175  0.172  0.171  0.17   0.17   0.17   0.17   0.167
  0.167  0.167  0.166  0.162  0.162  0.162  0.162  0.162  0.161  0.161
  0.16   0.158  0.157  0.157  0.157  0.155  0.153  0.152  0.152  0.152
  0.151  0.151  0.151  0.151  0.15   0.147  0.147  0.144  0.142  0.142
  0.142  0.141  0.139  0.138  0.131  0.13   0.13   0.128  0.124  0.123
  0.12   0.108  0.108  0.104  0.102  0.101  0.097  0.096  0.095  0.093
  0.091  0.091  0.063  0.062  0.062  0.057  0.051  0.047  0.045  0.044
  0.043  0.04   0.038  0.037  0.027  0.027  0.018  0.017  0.012  0.01
  0.006  0.005  0.004  0.003  0.   ]
thresholds[  0.00000000e+00   6.05107104e-06   6.53487992e-06   1.21021421e-05
   1.30697598e-05   1.66850202e-05   1.81532131e-05   2.42042842e-05
   2.61395197e-05   3.02553552e-05   3.33700404e-05   3.63064262e-05
   3.76576916e-05   4.23574973e-05   4.84085683e-05   5.00550606e-05
   5.44596394e-05   6.05107104e-05   6.12745098e-05   6.53487992e-05
   6.65617814e-05   6.67400808e-05   7.26128525e-05   7.86639235e-05
   8.34251009e-05   8.47149946e-05   9.07660656e-05   9.68171366e-05
   9.80231988e-05   1.00110121e-04   1.02868208e-04   1.08919279e-04
   1.14970350e-04   1.15861430e-04   1.16795141e-04   1.21021421e-04
   1.22549020e-04   1.27072492e-04   1.33123563e-04   1.37232478e-04
   1.39174634e-04   1.45225705e-04   1.50165182e-04   1.51276776e-04
   1.57327847e-04   1.63378918e-04   1.66850202e-04   1.69429989e-04
   1.75481060e-04   1.81532131e-04   1.83823529e-04   1.87583202e-04
   1.93634273e-04   1.99685344e-04   2.05736415e-04   2.11787486e-04
   2.17838557e-04   2.23889628e-04   2.29940700e-04   2.31722859e-04
   2.35991771e-04   2.42042842e-04   2.45098039e-04   2.47647350e-04
   2.48093913e-04   2.54144984e-04   2.60196055e-04   2.66247126e-04
   2.72298197e-04   2.78349268e-04   2.84400339e-04   2.90451410e-04
   2.96502481e-04   3.02553552e-04   3.06372549e-04   3.08604623e-04
   3.14655694e-04   3.20706765e-04   3.32808907e-04   3.44911049e-04
   3.46348636e-04   3.47584289e-04   3.57013191e-04   3.63064262e-04
   3.67647059e-04   3.69115333e-04   3.75166404e-04   3.93319618e-04
   3.99370689e-04   4.11472831e-04   4.17523902e-04   4.23574973e-04
   4.29626044e-04   4.41728186e-04   4.47779257e-04   4.53830328e-04
   4.59881399e-04   4.63445719e-04   4.65932470e-04   4.71983541e-04
   4.78034612e-04   4.90136754e-04   4.96187825e-04   5.02238896e-04
   5.08289967e-04   5.14341038e-04   5.20392109e-04   5.38545323e-04
   5.62749607e-04   5.79307149e-04   5.86953891e-04   5.99056033e-04
   6.12745098e-04   6.35362459e-04   6.53515672e-04   6.59566743e-04
   6.65617814e-04   6.71668885e-04   6.95168578e-04   6.95873170e-04
   7.01924241e-04   7.07975312e-04   7.14026383e-04   7.26128525e-04
   7.44281738e-04   7.92690306e-04   8.04792448e-04   8.10843519e-04
   8.11030008e-04   8.16894590e-04   8.65303159e-04   9.07660656e-04
   9.19762798e-04   9.37916011e-04   9.86324579e-04   1.00447779e-03
   1.04078422e-03   1.07709065e-03   1.09524386e-03   1.11944814e-03
   1.14365243e-03   1.15861430e-03   1.17995885e-03   1.19811207e-03
   1.20132145e-03   1.20416314e-03   1.23823675e-03   1.27447573e-03
   1.30703134e-03   1.31308242e-03   1.31913349e-03   1.33123563e-03
   1.33728670e-03   1.47041026e-03   1.53092097e-03   1.57932954e-03
   1.60353383e-03   1.62168704e-03   1.63378918e-03   1.65799346e-03
   1.70035096e-03   1.71568627e-03   1.71850418e-03   1.85767881e-03
   1.86372988e-03   1.93029166e-03   1.95214736e-03   2.11787486e-03
   2.17838557e-03   2.36927287e-03   2.37243457e-03   2.52246365e-03
   2.54144984e-03   2.61406269e-03   2.66852233e-03   2.73508411e-03
   2.74113518e-03   2.81862745e-03   2.83190125e-03   2.85610553e-03
   2.88188205e-03   2.88841693e-03   2.93476945e-03   2.97107588e-03
   3.15260801e-03   3.41885514e-03   3.48541692e-03   3.49146799e-03
   3.60643834e-03   3.77062571e-03   3.85453225e-03   4.35072008e-03
   4.41123079e-03   4.41176471e-03   4.51859576e-03   4.61091613e-03
   5.09790291e-03   5.40965751e-03   5.55488321e-03   5.60039209e-03
   5.64564928e-03   6.17345747e-03   6.59009603e-03   7.23039216e-03
   7.29927007e-03   7.40651095e-03   7.47549020e-03   7.64685436e-03
   7.83532103e-03   8.13406138e-03   8.67832054e-03   9.49754902e-03
   1.05833232e-02   1.11843344e-02   1.32760499e-02   1.43324323e-02
   1.53939247e-02   1.65681845e-02   1.88112745e-02   2.27088402e-02
   2.36760436e-02   2.40548930e-02   2.42150388e-02   2.53902941e-02
   2.73084836e-02   3.21691176e-02   3.24412003e-02   3.45395135e-02
   4.07456223e-02   4.31562387e-02   6.25000000e-02   7.27609779e-02
   7.69212151e-02   7.78799020e-02   9.96408296e-02   1.00000000e-01
   1.00567721e-01   1.02328431e-01   1.02769088e-01   1.04391148e-01
   1.23971730e-01   1.25000000e-01   1.46101263e-01   1.52664282e-01
   1.59439671e-01   1.87500000e-01   2.00000000e-01   2.14154412e-01
   2.18514656e-01   2.33283804e-01   2.50000000e-01   2.54595588e-01
   3.05101535e-01   3.12500000e-01   3.23716835e-01   3.75000000e-01
   4.00000000e-01   4.37500000e-01   5.00000000e-01   5.62500000e-01
   5.72703047e-01   5.89039509e-01   6.25000000e-01   6.87500000e-01]
